1 1 1 2 5835 72 42 8 5 360 2644 14 54 15 35 440 179 106 58 2117 1747 368 258 229 151 156 139 149 10 12 6 19 11 7 5 99955 33728 23372 26602 13999 29438 11189 108344 136847 9426 7791 16400 28951 11814 42034 19957 877 15564 60095 233045 8137 5050 30209 336 2500 1239 337 5 2 1 9 6 640 199 255 220 192 198 51 262 396 16 30 98 165 89 178 228 9 143 306 495 47 89 314 30 25 10 16 137 4 10 1 7 1 7 1 4 7 1 7 1 12 1 1 1 1 1
1 1 39 1 6 2 2 3 1 2 8 1 3 1 1 3 5 6 11 29 20 14 9 6 4 4 3 3 4 1 1 1 1 1 1 21 13 16 13 13 7 14 4 14 5 6 12 17 11 6 12 2 9 24 22 7 12 10 1 1 2 2 1 1 1 1 1 6 3 3 3 4 5 3 3 7 1 1 1 4 2 1 2 1 2 1 2 1 1 5 1 2 1 1 3 3 1 1 1 1 1 1 1 1 1 1 1 1 1 1 1 1 1
2 58 37196 29 106716 2105 7835 22 6850 9669 155001 312 251 555 652 8423 4475 1647 3666 308201 200512 33718 22622 20458 16037 13805 12557 11124 90 37 163 902 132 15 81 266700 205588 317801 148922 113161 136340 137737 131552 114727 124759 80356 141927 250728 132151 72836 188063 11099 152667 333816 163992 80230 51190 117798 6722 33745 15567 4020 37 28 11 29 59 2174344 690918 762683 465951 366174 760044 210464 667219 1113342 42460 51999 342851 487649 256110 1257911 648773 21056 488631 989084 2624392 164356 115411 995100 914 62329 3400 109 1394 34 169 288 18 1 1937 77 4 111 5 10 1 129 2 1 4 1 41
1262 1 783 122 1020 1 1 1 1 89 4 98 3 2 308 5 142 8 1 1 1 1 1 1 8 1 1 1 14 4 1 5 1 12 1 4 3 4 1 1 3 1 2 1 1 3 2 1 3 2 2 1 1 2 2 2 3 4 2 1 1 2 1 3 2 2 1 1 2 4 1 4 1 1 2 1 1 4 1 2 7 3 1 1 2 3 2 1 2 1 1 1 2 2 1 1 2 3 1 1 1 1 1 1 1 1 1 1 1 1 1 1 1
21896 3 52923 8 107 33 19 2 2 220 131 4551 8 7 15261 112 20255 76 19 276 170 70 57 92 40 39 21 51 242 670 1 2 2 23 3 3953 3571 3199 2410 1541 2041 1907 2650 5507 1108 1008 2498 3336 1787 1659 2438 166 1934 4892 8782 627 634 3362 71 890 181 538 4 34 3 2 1 5396 2423 3148 2108 1650 2398 1396 2036 2398 257 316 1656 2432 1505 1755 2898 176 1988 4520 6663 874 620 2175 19 211 54 3 1 4 1 36 7 1 1 1 1 1 1 1 1 1 2 1 1 1 1
3 1 111 3 5 13 3 2 1 2 5 6 1 1 5 1 3 3 18 769 365 243 156 140 124 106 107 84 2 1 3 1 1 1 2 9 6 13 5 7 9 3 7 5 3 4 7 11 6 4 7 1 5 10 17 3 3 9 1 4 2 4 1 1 1 1 1 1 3 8 5 6 5 1 2 13 1 1 2 3 2 2 3 1 1 5 5 1 1 5 1 2 1 2 1 1 1 1 1 1 1 1 1 1 1 1 1 1 1 1 1 1 1
2 1 52 2 5 1 15 2 1 4 8 4 1 1 5 3 12 1 60 3037 1691 1036 724 1023 511 478 388 268 3 1 1 1 1 1 2 14 1 1 2 1 2 1 4 1 2 1 3 2 5 2 1 1 1 1 1 10 1 1 1 1 1 1 2 1 2 1 1 7 4 5 2 7 3 3 8 6 1 1 4 6 3 2 7 5 1 5 5 2 1 2 2 3 1 5 1 2 1 1 1 1 1 1 1 1 1 1 1 1 1 1 1 1 1
40 3 7558 1 8 1 1 9 2 2 2 796 1 7 502 22 630 9 3 4 10 1 2 1 1 3 2 2 3 27 1 1 2 1 1 2 1 2 1 3 1 1 1 1 1 3 1 1 2 2 3 1 1 3 1 1 2 1 1 1 1 1 1 2 1 1 1 1 1 1 8 1 2 1 1 3 1 2 1 6 1 2 1 1 2 5 3 1 1 1 1 1 1 1 1 1 2 7 1 1 1 1 1 1 1 1 1 1 1 1 1 1 1
1 1 6823 1 1 3 1 1 3 3 1 1 1 1 2 3 3 1 3 3 2 2 4 1 1 1 3 1 2 1 1 1 1 1 1 85 469 63 159 85 26 40 32 23 8 32 49 246 45 65 76 7 101 89 177 3 12 78 2 13 1 1 1 1 1 1 1 3 3 34 7 5 3 1 3 10 1 3 8 5 8 1 6 1 1 15 6 1 1 7 1 1 3 1 1 1 1 3 1 1 1 1 1 1 1 1 1 1 1 1 1 1 1
578 1 19159 8 466 2 3 4 1 64 19 511 1 3 1186 62 1370 7 49 71 46 37 37 45 72 91 91 126 33 60 1 9 1 13 2 1388 727 685 489 435 190 243 575 463 101 181 302 406 521 423 238 33 368 611 671 124 65 238 10 85 27 14 4 34 1 2 2 1325 306 406 848 524 267 151 293 529 27 81 867 1214 408 330 307 24 1233 147190 6803 195 856 186 7 80 30 1 1 2 1 7 2 1 1 1 1 1 1 1 1 1 1 1 1 1 1
13 1 199 4 2872 99 243 1 8 282 44 162 34 60 12 52 171 81 1342 21557 8241 2482 1683 1315 1248 933 839 829 5 2 26 42 30 49 9 4322 2454 4246 2408 1955 1958 1954 1787 2509 1790 1164 2098 3743 2755 1254 2935 177 2334 4639 2995 1825 832 1309 138 299 211 54 5 1 2 3 1 8081 4148 2667 1877 2507 2835 568 1066 3866 132 482 1870 1721 3083 3089 2579 99 1393 4649 5409 853 553 4233 103 75 32 6 3 1 50 8 2 1 49 2 1 16 1 1 1 12 1 1 1 1 1
4177 24 79567 5 580 3 2 2 2 87 164 475 15 12 39133 184 32736 71 2 20 14 20 6 1 6 1 1 3 478 2227 4 16 4 7 1 11 10 35 5 9 13 15 19 8 31 4 11 14 5 4 7 1 24 59 34 2 8 30 2 2 1 11 2 44 3 2 2 41 10 13 10 15 7 6 13 24 2 4 7 9 4 11 14 1 7 25 10 6 5 10 3 5 3 3 5 5 1 114 1 1 1 1 1 1 1 1 1 1 1 1 1 1 2
26 1 253 1 7 1 2 7 1 6 12 18 90 2 41 16 21 26 16 18 17 2 3 5 3 3 5 2 3 3 1 3 1 2 1 26 6 10 3 3 4 2 14 5 3 1 6 5 10 4 9 2 6 21 10 3 1 6 1 3 2 4 1 3 1 2 1 6 13 8 4 4 5 8 7 11 2 7 6 12 3 3 9 1 6 17 11 5 1 5 3 1 1 1 1 2 2 1 1 1 1 1 1 1 1 1 1 1 1 1 1 1 1
8 1 869 1 37 1 1 1 1 3 12 63 1 93 59 15 43 22 22 130 80 47 25 22 18 18 14 6 2 3 1 5 1 1 1 9 14 12 17 10 12 5 4 5 3 3 1 6 2 4 4 2 5 5 6 4 2 5 1 3 4 1 1 4 1 1 1 2 3 3 3 4 2 1 1 8 3 3 2 1 3 1 3 1 2 4 4 4 3 1 4 3 3 1 1 4 2 29 1 1 1 1 1 1 1 1 1 1 1 1 1 1 1
1695 7 1264382 1 4337 2 1 3 4 299 27 49 3 4 42 19 89 15 13087 1107 1269 1096 996 1691 941 866 902 738 9 10 2 1 7 1 1 26 15 23 9 11 13 10 15 14 13 11 13 19 24 8 16 4 17 34 49 12 8 5 8 4 6 10 2 15 1 1 1 59 25 13 13 6 3 3 18 19 7 4 6 7 8 5 15 5 11 13 31 7 5 24 4 11 3 1 1 1 1 125 1 1 1 1 1 1 1 1 1 1 1 1 1 1 1
457 15 9218 1 48 4 9 4 2 65 66 78 1 2 141 731 33 23 1204 10194 4829 1818 1675 1293 1092 1001 1022 840 10 1 1 3 64 8 1 4762 2922 3661 2123 1254 1790 2159 1959 1626 1192 1054 2062 3503 1330 839 2618 342 1806 4543 2557 620 623 1319 130 305 389 6 1 8 1 2 3 7248 9293 12401 8031 7088 8026 4480 5112 5768 569 1793 8956 7118 1966 8949 10367 400 7687 16430 12538 3424 1136 5842 34 5742 133 1 2 2 2 8 1 1 2 1 1 1 1 1 1 1 1 1 1 1 1
943756 9 53142 8 20959 3 3 2 3 845 86 2446 10 2 4053 151 12087 119 2859 3320 3445 2935 2418 4607 2260 2227 1995 1853 111 113 4 4 7 16 1 1594 494 2138 1365 524 280 263 381 663 380 315 387 545 309 336 456 25 496 7369 571 109 300 268 28 90 19 111 1 410 1 5 3 424 118 1644 134 1305 90 1497 189 220 125 119 82 747 186 327 191 10 78 182 276 108 35 112 46 29 14 6 5 13 2 1089 1 1 1 1 1 3 1 1 2 1 1 1 1 1 1
80 1 1729 1 63 8 7 1 1 9 20 45 36 3 91 65 167 534 217 1585 1135 447 405 387 226 236 220 204 2 38 1 1 7 3 2 551 263 409 309 197 190 159 228 244 154 114 240 339 220 205 224 22 226 863 217 176 135 161 36 21 35 3 5 2 2 1 1 284 206 389 334 224 228 148 1198 183 40 162 172 379 157 767 361 14 225 900 260 67 111 429 14 57 16 1 2 2 9 9 1 1 2 1 1 1 1 1 1 1 1 1 1 1 5
328 21 68029 5 269 2 5 2688 13 349 38 4376 9 134 23604 4074 15682 516 116331 85468 9699 7215 7943 8735 9652 10302 10961 10775 568 349 3 9 2 11 1 120 60 66 35 63 32 50 38 39 19 52 43 88 16 6 47 8 39 64 34 10 16 15 21 2 12 6 2 60 4 12 1 51 30 91 19 12 9 22 18 31 3 73 13 542 21 2 153 1 10 14044 3742 4 8 3 108 8 2 1 3 9 6 8359 1 5 1 1 1 1 1 1 1 1 1 1 1 1 266
316 12 36178 7 213 3 2 692 6 211 123 4195 17 36 20963 2148 12865 917 34031 21985 24321 20375 20779 25408 24541 27003 56232 187826 880 290 2 14 3 8 3 160 95 51 50 40 22 36 27 6 13 11 26 47 28 9 27 14 34 45 24 24 8 10 22 4 14 3 2 80 1 6 1 66 51 30 19 17 14 10 6 8 2 10 1 70 11 8 32 11 10 3242 663 2 5 2 26 1 1 1 2 7 5 1807 1 6 1 1 1 1 1 1 2 1 2 1 1 1 70
320 9 34552 3 248 1 1 702 5 190 59 4459 15 63 18172 2709 12177 663 163420 9009 8193 7621 8139 10416 6907 6839 7091 6359 823 282 1 11 4 9 1 150 102 115 138 33 40 57 31 17 7 100 32 76 26 25 76 3 32 52 21 25 17 18 33 10 9 3 2 64 4 11 2 32 42 28 140 21 14 6 11 15 1 24 4 67 2398 5 43 8 4 110 698 5 6 7 36 1 2 1 1 6 2 2145 1 2 1 1 1 1 1 1 2 1 1 1 2 1 73
275 9 29912 1 115 2 1 731 6 169 38 3905 11 14 16862 2108 10763 471 14356 6113 4614 4212 3992 5218 4339 4038 3978 3924 610 254 2 2 2 6 1 156 65 62 598 22 26 75 23 6 3 41 17 64 15 9 31 6 25 36 23 13 6 11 13 4 4 2 1 58 1 4 2 32 40 12 141 11 6 5 8 9 1 10 5 57 8 5 21 2 2053 98 706 1 7 3 41 2 2 1 1 5 2 1731 1 2 1 1 1 1 1 1 1 1 1 1 1 1 59
267 8 30353 5 120 2 1 632 8 193 43 3756 9 21 16658 2320 10163 404 9925 4159 4299 3873 4229 5637 3857 3948 4204 3899 534 255 1 1 2 11 1 126 43 54 54 33 24 76 21 10 15 74 29 59 13 3 25 9 15 35 24 22 10 25 7 4 7 2 1 51 1 5 1 21 27 20 15 13 6 7 9 11 2 18 9 58 9 7 25 5 6 90 2462 4 7 4 100 4 1 1 2 4 1 1714 1 1 1 1 1 1 1 1 1 1 1 1 2 1 60
251 11 34796 3 180 1 1 1545 9 172 42 3885 14 23 18551 2428 10296 492 15844 3813 4078 3783 3818 4426 3962 3788 3795 3761 507 251 1 2 2 10 1 94 38 55 35 39 16 28 16 8 5 23 17 46 22 3 5 4 17 38 16 8 11 25 9 5 7 6 1 44 1 4 1 24 24 41 16 12 7 7 7 11 2 32 10 212 4 3 49 3 8 102 2467 1 1 2 22 2 2 1 2 2 1 3216 1 7 1 1 1 1 1 1 1 1 1 1 1 1 127
230 13 28561 1 119 2 1 666 2 129 37 3743 4 7 16876 1946 9990 328 10219 4259 4531 4295 4862 5145 4426 4404 4543 4210 453 242 1 2 2 3 1 107 51 38 17 24 28 16 12 5 6 19 23 39 12 4 23 6 14 33 15 6 15 5 9 4 5 1 1 46 1 3 1 28 21 6 20 69 8 2 4 17 1 15 8 82 3 4 24 2 4 97 2131 1 6 2 25 2 1 1 2 2 1 1859 1 1 1 1 1 1 1 1 1 1 1 1 1 1 70
253 9 27412 3 171 1 1 633 3 133 21 3631 4 15 16910 1553 9846 341 9488 4360 4738 4528 4655 6063 5044 5144 5482 5808 413 266 1 3 2 6 1 76 41 24 24 17 15 21 9 6 4 12 13 25 13 1 9 2 10 23 13 4 2 5 4 1 10 1 1 44 1 1 1 36 12 6 11 11 5 4 1 3 2 8 3 64 4 5 28 7 2 163 2182 2 2 1 12 2 1 1 2 4 2 1531 1 1 1 1 1 1 1 1 1 1 1 1 1 1 57
184 14 28779 2 102 2 1 676 6 118 25 3687 7 30 17259 1776 9704 334 12045 6353 6308 6909 7367 8471 9662 9260 9892 10751 451 264 1 1 1 9 1 62 33 25 24 11 22 23 5 5 6 41 15 25 9 2 15 1 14 21 9 10 9 3 5 3 6 1 1 61 1 2 1 16 17 13 9 6 7 3 3 4 2 29 8 68 2 6 20 2 7 95 2206 1 12 1 19 1 1 1 1 2 1 1729 1 2 1 1 1 1 1 1 1 1 1 1 1 1 65
189 10 26008 1 88 2 1 584 2 113 32 3595 6 5 16404 1254 9788 403 16883 15271 15807 17740 21569 20452 24191 26850 30604 39073 412 253 1 1 2 4 1 60 30 28 10 24 24 11 8 3 5 26 6 20 10 3 17 3 5 14 12 7 6 6 8 2 4 1 1 36 1 2 1 23 15 7 8 136 2 4 5 9 1 3 5 67 4 2 24 2 4 116 2863 1 5 1 12 1 1 1 1 3 2 1328 1 1 1 1 1 1 1 1 1 1 1 1 1 1 52
4502 10 30118 1 31 2 2 1 1 5 3 11 5 1 6 36 6 398 937 879 472 721 376 310 50 43 56 60 44 4 1 66 1 1 3 49 42 45 48 37 24 35 28 25 16 10 44 35 43 17 71 2 31 70 54 24 8 44 6 14 5 1 6 5 1 2 1 12 6 10 7 6 14 6 8 5 4 5 17 5 5 4 7 3 8 28 10 8 8 6 5 1 1 1 1 1 1 116 1 1 1 1 1 1 1 1 1 1 1 1 1 1 1
650 4 34814 1 43 1 4 4 1 7 1 11 1 1 9 6 11 3 4 14 7 7 4 1 4 1 1 1 1 15 3 1 1 1 1 2 3 2 1 2 2 8 3 2 2 1 3 1 1 3 1 1 3 4 2 3 1 2 1 1 2 1 1 3 1 1 1 4 5 3 3 5 3 1 3 4 1 1 2 3 3 1 6 3 2 9 3 4 2 2 1 1 1 1 1 25 1 5 1 1 1 1 1 1 1 1 1 1 1 1 1 1 1
2 1 97 1 1 3 1 2 1 2 2 2 1 1 1 10 2 1 7 16 5 3 3 4 2 3 1 1 1 1 16 9 4 1 1 1 2 3 1 2 3 2 3 3 1 2 2 2 1 1 3 1 1 3 2 2 1 1 3 1 1 1 1 1 1 1 1 1 1 7 6 6 1 1 5 6 2 2 4 3 3 1 3 1 4 6 6 1 3 2 1 1 1 1 1 1 2 9 1 1 1 1 1 1 1 1 1 1 1 1 1 1 1
88 1 997 1 34 2 4 3 22 7 8 3 1 2 3 1 2 3 44 50 51 32 18 10 3 4 6 3 2 1 1 53 18 1 1 3 7 6 5 3 5 5 4 2 1 4 4 8 8 11 8 1 4 9 2 3 5 1 1 1 1 2 2 1 1 1 1 6 3 6 3 7 5 4 4 4 4 2 4 10 4 2 6 1 3 5 5 2 3 4 4 3 4 2 1 1 1 48 1 1 1 1 1 1 1 1 1 1 1 1 1 1 1
15 1 207 1 4 6 2 1 1 3 6 4 2 1 12 2 12 1 7 20 7 11 12 4 4 2 3 11 1 4 2 3 14 3 1 7 1 3 2 1 1 1 1 3 2 1 1 1 1 1 1 2 3 1 3 1 1 1 1 1 1 5 1 1 1 1 1 3 1 5 3 3 2 1 2 1 1 1 2 3 3 1 1 1 2 3 2 2 1 1 1 1 1 1 2 2 1 11 1 1 1 1 1 1 1 1 1 1 1 1 1 1 1
1179 1 148 25 869 1 1 1 1 91 1 141 1 1 104 13 52 3 2 2 1 2 1 1 1 1 1 1 10 7 1 1 2 23 4 2 3 3 3 1 1 1 1 3 1 1 2 2 2 1 1 1 1 1 2 1 1 1 1 1 1 1 1 15 1 2 1 4 3 2 2 2 2 2 1 11 1 1 3 1 3 2 5 2 3 5 6 1 10 1 5 4 1 1 1 2 1 5 1 1 1 1 1 1 1 1 1 1 1 1 1 1 1
1 1 45 1 1 3 1 1 1 2 4 2 1 1 2 1 3 1 1 3 1 2 2 1 1 1 1 1 1 1 1 1 1 1 2 3 4 4 3 1 2 2 4 3 1 1 1 5 3 2 2 1 2 4 1 1 1 3 1 1 1 2 2 1 1 1 1 4 1 3 4 4 2 3 9 3 3 3 2 13 3 2 1 1 6 1 2 2 2 1 2 5 1 1 1 1 1 1 1 1 1 1 1 1 1 1 1 1 1 1 1 1 1
102 1 39135 10 214 3 87 3 321 840 25 2466 39 68 1912 1313 5218 181 21 302 203 221 118 65 52 38 28 29 75 68 1 9 3 4 1 3278 1974 3342 1935 753 2941 839 499 1691 173 399 1199 2187 1645 464 2089 134 2742 3546 2481 489 652 486 316 140 195 13 4 29 1 6 1 1017 7759 17792 12482 1257 27127 6055 1585 7784 475 1889 43900 29976 36765 246 15872 648 38149 30657 18298 28358 3943 6673 477 1187 1652 1 4 2 2 112 1 1 2 1 1 1 2 1 1 1 1 1 1 1 1
24 2 4629 4 108 1 1 1 103 233 12 556 7 59 645 1072 2618 145 20 180 113 68 68 32 24 38 18 27 20 19 1 7 2 2 2 2631 2332 6227 367 718 294 161 135 1172 166 157 543 1119 517 671 416 44 562 2165 915 214 165 182 54 202 55 7 1 11 1 5 1 49595 18 31 59 43581 90 13 1671 17129 271 10 13128 12 62 34560 11 10 45867 132 118 23916 5 38 14 7075 10 1 2 1 1 12 1 1 6 1 1 1 1 1 1 1 1 1 1 1 1
87 4 15865 2 99 29 26 2 61 884 23 2338 13 107 1907 1408 5378 198 15 291 199 119 86 51 64 37 46 34 68 64 1 16 1 2 1 4243 2089 2231 2414 2828 995 470 859 1785 188 251 1091 1070 1067 2313 1554 58 1318 1862 1282 521 389 579 78 119 54 5 1 13 1 9 1 68636 13 4 90 14526 12 3 72180 15698 7 6 17927 20 40 113323 49 2 17152 562 93 14215 33 17 5 2342 1231 1 2 1 1 104 1 1 1 1 1 1 1 1 1 1 1 1 1 1 3
28 3 7791 5 88 4 21 2 96 634 33 939 3 41 930 1198 4121 105 9 143 147 80 76 39 26 29 40 22 35 38 1 12 3 3 1 1486 432 1667 423 981 759 214 368 964 674 144 488 686 1323 821 1077 46 708 1596 473 290 1431 162 94 58 67 2 1 13 2 4 1 31720 15 7 18 52613 14 3 967 28172 363 1 27 197 111 20545 4 1 10956 503 5 23426 120 493 26 1670 170 1 1 2 1 56 1 1 1 1 1 1 1 1 1 1 1 1 3 1 1
26 1 4458 69 91 1 1 2 33 173 20 973 3 7 663 489 2361 72 19 108 99 91 46 38 24 32 40 21 63 24 1 8 1 3 1 1224 329 1968 976 809 1327 369 151 359 65 189 669 1079 699 1296 1802 49 1695 1898 1096 812 363 200 336 56 82 1 1 10 1 15 1 14754 697 2952 11130 191 515 2633 216 2171 43 352 13263 8807 22657 176 1613 764 4792 5174 2071 12536 6834 320 8085 792 302 1 2 2 1 61 1 1 3 1 1 1 1 1 1 1 1 1 1 1 2
22 2 4774 7 37 7 2 2 22 188 18 884 5 5 459 890 1963 86 13 270 129 126 85 46 30 19 29 29 14 8 1 3 3 2 2 3182 763 3254 486 517 508 211 128 1817 42 333 2242 1194 171 601 415 17 664 714 606 200 91 165 178 77 26 1 2 9 1 2 1 17907 8 12 8 24920 26 4 15 24294 34 2 10408 7 21 35912 4 2 39913 88 43 7286 5 41 3 172 2 1 1 1 1 24 1 1 1 1 1 1 1 1 1 1 1 1 1 1 1
14 1 2743 13 51 1 2 4 33 114 17 382 3 10 389 556 1385 37 15 112 80 38 72 29 34 24 36 6 23 8 1 2 3 1 1 939 966 570 399 509 271 111 233 511 17 68 338 875 421 574 718 47 498 592 733 186 93 174 35 30 17 1 2 9 1 6 1 22468 70 10 79 35257 8 7 2013 10205 92 5 6310 142 229 24332 9 7 33567 191 9 13533 12 503 5 783 10 1 3 1 1 82 1 1 2 1 1 1 1 1 1 1 1 1 1 1 2
21 1 1596 5 31 1 1 3 67 56 9 290 3 3 223 404 2014 29 12 152 93 60 26 18 6 15 15 11 16 8 1 3 1 2 1 813 419 580 636 485 409 96 116 826 34 269 1392 973 116 437 469 205 481 914 399 156 129 66 37 47 19 1 1 18 1 3 1 42041 18 4 9 101011 11 57 8 33161 58 2 80 67 16 46687 5 2 208 166 28 14197 49 111 4 2088 483 1 1 2 1 33 1 1 1 1 1 1 1 1 1 1 1 1 1 1 1
52 2 23788 2 181 4 2 1 7 2133 32 1177 31 11 3262 1075 2913 150 3 24 15 20 13 33 31 3 3 7 181 81 1 1 2 8 1 1910 1014 2098 1899 616 1582 597 298 11966 110 199 936 1116 1345 588 1502 117 1163 2825 1798 309 1898 267 451 65 55 3 1 48 1 3 1 917 1063 1462 1471 136 2922 743 58 66 55 337 3138 4013 143606 1381 308 64 11037 14249 36956 70 1344 194 28 126 323 1 1 3 1 20 1 1 1 1 1 1 1 1 1 1 1 1 1 1 4
3 1 1305 1 31 2 4 1 32 96 1 112 1 1 146 154 2758 38 11 65 78 12 13 14 10 13 6 9 8 11 1 2 2 2 1 276 92 228 127 90 90 150 87 82 71 73 85 150 114 84 353 5 168 244 153 57 87 70 18 28 19 1 1 2 1 4 1 41612 5 3 7 17268 2 1 178 4669 1 12 6 7 44 32517 3 1 1447 109 2 35802 2 17 1 99 5 1 1 1 1 1 1 1 1 1 1 1 1 1 1 1 1 1 1 1 1
28 1 4667 7 48 1 32 1 24 235 4 317 9 11 748 574 1451 51 8 115 100 50 30 14 18 24 29 34 30 24 1 2 1 5 1 452 311 346 180 215 190 239 110 311 71 197 183 231 148 486 297 42 250 346 268 108 150 108 50 150 39 3 2 3 1 2 1 20204 10 14 18 14606 38 25 4312 19435 73 11 1853 47 3213 11817 20 1 4262 132 17 5412 161 447 1 1327 13 1 2 1 1 19 1 1 1 1 1 1 1 1 1 1 2 1 2 1 2
18 5 6587 5 55 1 2 2 42 710 22 907 8 6 552 626 1993 128 10 111 86 44 27 32 18 23 13 15 32 52 1 6 1 4 2 1916 493 1168 603 775 316 669 133 734 54 89 866 431 281 508 963 28 353 1066 482 246 226 118 74 68 39 2 2 4 1 13 1 40634 8 4 12 35513 5 9 89 33908 147 4 1043 7 7 33576 10 1 5 89 1167 9784 123 54 3 2814 3 1 1 1 1 26 1 1 1 1 1 1 1 1 1 1 1 1 1 1 1
50 7 5225 17 68 3 2 2 68 293 11 772 18 12 640 728 2909 101 20 367 188 131 108 78 79 55 63 36 13 18 1 3 2 1 2 2366 779 1423 897 1085 455 780 442 1501 132 243 1271 588 338 811 2181 35 654 2373 1152 365 549 515 212 84 77 4 1 8 1 6 1 118006 213 8021 32 35995 27 65 46 43553 28 232 110 50 85 41567 56 3 3206 511 204 21775 25 123 19 3968 19 1 1 1 1 45 1 1 1 1 1 1 1 1 2 1 1 1 2 1 1
25 4 3718 1 32 1 7 1 19 331 13 505 2 17 437 437 1106 128 8 107 92 37 25 21 14 27 26 21 26 21 2 16 2 2 1 4422 1992 2169 769 1324 1592 814 1225 971 206 314 516 445 489 746 868 41 743 1444 850 371 204 386 144 1135 354 1 1 4 1 3 1 33672 11 37 163 41862 18 600 89 13652 84 122 6 15 26 41340 11 5 39 111 54 3210 23 31 21 606 31 1 1 1 2 145 1 1 1 18 1 1 1 1 1 1 1 1 2 1 15
66 1 4671 9 57 1 2 1 20 2404 40 674 1 5 625 376 1011 80 6 38 85 32 13 11 4 5 10 3 24 18 1 1 2 2 1 447 342 970 597 412 355 209 380 243 68 372 554 908 915 253 719 37 858 1657 638 249 554 427 175 51 43 2 3 9 1 2 1 1292 2602 13100 1192 217 5598 503 2049 637 135 1666 7973 1257 36776 214 5928 11 13142 3432 6043 3299 2647 1099 1881 231 425 1 1 1 1 4 1 1 1 1 1 1 1 1 1 1 1 1 6 1 1
33 2 6779 16 70 1 2 2 82 293 31 1317 4 9 958 739 2345 111 14 168 230 186 132 53 33 33 32 19 37 28 4 9 2 1 1 2566 583 1876 958 925 472 752 318 961 92 284 811 778 786 897 958 54 1248 1821 692 514 343 242 80 57 40 9 1 9 1 5 1 55159 16 7 34 27823 236 14 13292 12148 16 9 10351 8 51 29702 2 6 47023 1864 315 9171 99 29 8 897 5 1 3 1 1 13 1 1 2 3 1 1 1 1 1 1 1 1 1 1 1
2 1 701 2 16 1 1 1 32 40 7 89 3 16 93 148 148 5 5 28 40 22 23 6 2 12 4 5 13 7 1 3 1 2 1 75 75 112 27 49 52 12 10 45 5 14 136 66 12 11 52 24 70 63 42 66 21 24 22 2 3 3 1 2 1 1 1 1033 7 10 4 44 4 13 5 900 1 1 8 5 10 82 3 2 8 26 25 9807 14 25 4 3 1 1 1 2 1 1 1 1 1 1 1 1 1 1 1 1 1 1 1 1 1
25 1 4923 5 66 3 25 2 545 216 26 804 2 6 625 744 2089 56 16 218 135 109 54 76 22 26 29 24 23 21 1 7 2 4 1 2959 725 1725 553 1107 681 360 211 1410 97 276 598 633 959 1067 905 43 315 1199 1288 274 262 174 82 97 44 7 1 7 1 4 1 28971 20 10 61 49371 13 35 2432 20967 5 2 3 7 8 46563 24 1 14 296 41 14768 7 161 23 1934 36 1 1 2 1 419 1 1 2 1 1 1 1 1 1 1 1 1 3 1 1
39 1 14492 9 138 3 936 1 110 240 19 1709 17 14 1426 1422 10103 211 23 209 146 143 78 54 34 24 25 33 75 57 1 7 1 3 1 5097 994 2656 1391 1775 835 454 684 1741 121 405 1107 1116 899 1248 1970 169 1970 2929 1756 902 491 838 219 141 50 8 3 13 1 8 1 41650 34 30800 35 51630 76 139 46178 26991 66 3377 4317 5590 1581 44029 20976 2326 1710 68 72060 27130 602 7704 9 7510 488 1 1 2 1 1247 1 1 1 1 1 1 1 2 1 1 1 1 2 1 1
24 1 5356 11 59 6 8 2 166 248 18 823 5 11 614 946 1601 45 7 166 249 157 91 55 47 20 26 15 52 13 2 4 4 1 1 1834 382 1393 434 1089 590 249 503 752 68 259 436 653 476 997 782 118 783 1192 609 423 5934 234 167 109 44 2 1 52 1 16 1 20227 109 191 8 24921 17 6 272182 13458 57 27 95 19 24 29001 4 1 23984 1379 11 10157 66 5137 31 2499 150 2 4 1 1 33 1 2 1 1 1 1 1 1 1 1 1 1 1 1 1
24 1 2652 2 56 2 8 1 6 190 23 472 1 31 336 938 7101 50 3 267 302 28 20 17 14 9 8 6 6 5 1 34 1 2 2 541 237 1106 390 802 642 161 180 283 40 3862 227 413 1817 54 581 16 430 10773 637 46 310 119 59 7 20 1 1 6 1 2 1 62 256 148 346 146 60 592 108 75 52 1723 1951 654 47628 16 3497 15 2158 2002 1515 28 29 41 32 114 248 1 1 1 1 7 1 1 1 1 1 1 1 1 1 1 1 1 1 1 1
24 3 7495 8 89 1 1 3 14 333 8 430 2 10 892 632 1379 172 6 133 109 88 69 27 94 21 188 21 50 24 2 1 1 2 1 745 205 491 1447 396 311 115 380 2215 50 51 152 237 341 287 550 19 263 316 281 86 122 95 36 22 15 6 1 5 1 2 1 12823 6 5 15 10168 65 25 12 22205 12 6 785 9 10 5376 9 3 288 247 4 613 5 2 4 212 3 1 2 1 1 46 1 1 1 1 1 1 1 1 1 1 1 1 1 1 2
15 1 2171 17 23 1 1 1 33 119 11 644 3 1 242 144 1725 31 9 65 69 39 15 17 11 14 9 15 8 83 1 1 1 1 1 1223 506 630 248 667 526 292 409 547 102 129 198 294 287 245 397 43 586 572 428 156 181 957 52 80 38 3 1 19 1 2 1 37380 4 2 2 25199 6 4 23281 31975 1 2 29 7 17 24698 4 1 3314 110 9 926 1 2 2 1250 3 1 1 1 1 2 1 1 1 1 1 1 1 1 1 1 1 1 1 1 1
12 1 2199 2 65 1 2 1 2 96 4 151 1 7 375 936 295 30 3 82 54 44 31 32 15 14 23 7 18 15 1 1 3 1 1 76 56 88 37 97 75 22 58 1016 21 15 198 204 27 76 181 19 83 132 221 22 474 13 505 57 6 2 1 3 3 3 1 463 225 27 1 307 42 3 44 1200 1 2 5 18 3 55 47 2 6 23 74 480 2 11 3 35 8 1 2 1 1 8 1 1 1 1 1 1 1 1 1 1 1 1 1 1 1
19 1 880 7 34 1 1 1 15 46 5 94 2 2 128 106 248 9 5 22 34 7 4 6 2 8 4 11 12 17 1 1 1 2 3 127 52 266 54 65 43 32 30 32 13 20 47 132 55 109 235 5 55 157 77 234 15 52 12 32 46 1 1 4 1 2 1 5651 18 5 5 5602 5 16 15 925 3 6 23 15 45 21063 74 2 37 67 16 3103 211 2 3 1 8 1 2 1 1 332 1 1 1 1 1 1 1 1 1 1 1 1 2 1 1
4 1 672 4 27 1 21 1 1 55 3 67 1 4 123 157 137 7 6 31 19 15 10 6 3 6 30 6 6 5 1 1 1 1 1 207 34 30 56 88 50 30 13 77 6 18 51 50 52 52 39 9 51 59 51 30 10 22 60 12 56 2 1 1 1 2 1 3659 52 1 53 5104 3 15 1960 1930 4 2 57 29 54 2070 3 1 43 79 3 1076 100 195 3 115 16 1 1 2 1 10 1 1 1 1 1 1 1 1 1 1 1 1 2 1 1
1 1 16 1 23 1 4 1 1 20 18 4 8 6 9 11 367 2 27 170 96 39 19 16 15 18 14 10 2 3 1 4 1 6 1 110 109 93 68 47 35 58 73 95 57 35 47 99 44 68 59 3 62 118 156 14 22 63 3 14 6 1 5 20 1 1 1 361 98 67 92 111 91 22 216 315 24 39 60 106 68 182 85 7 48 307 496 29 21 142 14 15 2 2 1 1 1 3 1 1 3 1 1 1 1 1 1 1 1 1 1 1 1
3 1 17 1 2 2 2 2 1 2 2 1 2 1 1 1 1 2 4 1 3 3 1 1 1 1 1 1 2 1 1 2 1 1 1 2 1 3 4 2 1 1 3 1 1 1 3 2 1 1 1 1 1 1 1 3 1 4 1 1 1 2 6 4 1 1 1 4 2 2 2 1 2 1 1 5 1 1 4 6 19 1 1 1 6 2 7 4 3 4 5 1 1 4 1 2 1 3 1 1 1 1 1 1 1 1 1 1 1 1 1 1 1
313 1 3724 3 147 1 1 1 1 21 4 155 5 3 371 8 357 4 1 1 1 2 3 1 1 1 1 1 18 78 1 1 1 5 1 3 2 4 2 1 1 2 1 1 1 1 1 1 2 1 2 1 1 4 3 2 1 3 1 2 1 18 2 1 3 1 1 20 2 9 9 40 13 3 110 22 2 1 8 3 28 25 9 2 10 13 34 9 9 2 3 5 1 1 1 3 1 28 1 1 1 1 1 1 1 1 1 1 1 1 1 1 1
3 1 2 1 2 1 1 1 1 1 3 2 1 1 1 2 3 1 1 3 7 2 1 1 2 1 2 1 2 1 1 3 1 1 1 1 1 1 1 1 1 1 1 2 1 4 1 1 1 1 1 1 2 1 1 1 1 2 1 1 1 1 1 1 1 2 2 1 1 1 1 1 1 1 1 1 1 1 1 1 2 1 2 1 1 1 1 1 1 1 1 1 1 1 1 1 1 1 1 1 1 1 1 1 1 1 1 1 1 1 1 1 1
2 1 18 1 3 1 1 1 1 1 8 2 2 1 8 3 4 1 7 15 12 2 7 3 3 3 3 1 2 2 1 1 1 1 1 13 8 13 7 11 12 2 5 7 4 5 8 17 8 3 10 2 6 22 20 3 3 6 2 1 3 1 3 1 1 135 2 31 10 29 13 11 14 9 5 24 4 3 20 20 17 14 29 3 17 39 34 8 13 6 8 3 3 2 3 1 1 1 1 1 1 1 1 1 1 1 1 1 1 1 1 1 1
4 1 11 1 1 1 1 1 1 1 3 1 1 1 2 2 2 1 3 1 1 1 1 1 1 1 2 2 1 1 1 1 1 1 1 9 3 2 1 1 2 1 2 4 2 2 1 3 1 1 1 1 1 4 4 5 1 3 1 1 1 1 1 1 1 1 13 12 2 3 6 3 3 1 1 10 3 1 2 1 1 2 5 2 2 19 4 3 1 2 1 2 1 2 1 1 1 1 1 1 1 1 1 1 1 1 1 1 1 1 1 1 1
824 5 644694 166 2914 6 10 1 4 10368 63 5213 5 14 47783 4287 33878 390 4 37 37 26 14 9 15 11 3 9 815 1274 1 11 7 57 5 42 131 141 47 23 87 79 24 21 21 40 58 134 66 36 85 12 103 250 74 6 77 75 9 13 57 24 1 181 1 26 14 5757 137552 332122 306992 19012 67890 181672 24874 266953 17409 86396 883853 320586 1691539 6558 145641 3571 956183 844130 1083356 96119 132741 55041 12854 180449 21510 2 1 2 10 171 1 1 1 1 1 1 1 1 1 1 1 2 4 1 1
46 1 21552 6 288 1 1 1 3 1181 9 722 1 3 2749 1245 2769 88 7 25 17 16 10 12 6 6 4 2 39 66 1 3 2 7 2 16 5 14 5 11 10 13 109 3 3 14 7 32 6 10 9 3 10 26 22 1 6 8 5 1 7 5 1 14 1 9 2 138245 12406 981 2574 398977 220 329 1870 81017 7487 192 135914 2530 1388 141763 302 13 80898 29569 5639 128613 863 660 6 155542 132 1 4 1 1 20 1 1 1 1 1 1 1 1 1 1 1 1 1 1 1
122 2 106327 25 834 3 2 1 1 831 17 810 1 1 6678 1039 8506 152 8 35 16 24 21 9 14 12 11 3 337 155 2 4 2 19 1 450 207 2291 1072 196 202 1103 87 302 7 965 763 582 482 64 164 147 120 95 124 8 77 62 2 4 6 7 1 150 2 12 2 388121 111 62048 343 465900 137 42 448147 205382 29 127701 123873 1595 315 532949 101 5090 113897 21969 313644 99736 33 72 27 26176 960 1 1 2 3 28 1 1 1 1 1 1 1 1 1 1 1 1 2 1 1
893 5 2073265 177 5458 2 1 2 3 10156 74 4574 5 8 67715 12131 59384 1025 6 25 34 24 29 14 9 2 4 6 2889 2135 2 33 1 158 1 47 72 105 11 59 39 20 28 39 8 15 55 34 28 20 52 6 42 102 53 16 10 48 8 4 11 36 6 328 1 38 1 129756 2857 5640 35547 607671 3670 20911 7698 369844 2443 474 22133 14201 8241 112129 881 1628 68514 91018 3596 123678 14471 10332 26 33062 780 1 3 4 1 200 1 1 1 1 1 1 1 1 1 1 1 1 4 1 1
1999 19 3492710 562 14311 4 9 4 6 20351 194 10498 11 27 140816 31206 116535 1290 4 55 44 33 22 30 18 14 13 8 5152 3866 5 56 9 471 4 111 380 285 96 20 189 161 127 74 50 55 210 384 83 75 267 23 150 395 227 18 219 217 104 16 20 63 7 477 1 58 1 574555 47210 379472 1156264 259807 109461 118652 20212 144371 4419 22759 441081 276262 1033825 60267 136496 29131 1732015 957011 312283 24399 183153 110053 118530 103360 8804 6 9 16 7 609 1 1 1 1 1 1 1 1 1 2 1 1 5 1 1
125 8 762503 20 530 2 1 1 1 655 59 461 9 7 4495 5653 4169 84 3 18 26 18 11 9 13 11 5 2 158 157 1 5 2 26 1 21 38 9 25 10 5 6 5 1 5 3 35 34 4 5 8 3 11 14 25 3 1 14 4 1 2 5 1 64 1 14 1 98679 191 159 160 159810 101858 1130 159 240976 129 132 40605 675 367 384908 95 10 155441 4793 95421 54939 44 203 16 5671 61 2 4 4 1 58 1 1 1 1 1 1 1 1 1 1 1 2 1 1 1
453 2 596131 125 3090 1 1 3 3 3940 49 2441 3 3 27609 4648 21701 523 5 17 15 8 13 10 11 9 8 1 1237 749 1 13 4 64 5 46 22 49 9 19 17 23 9 6 9 5 18 17 18 11 20 3 19 37 24 3 4 16 4 6 5 8 4 172 1 16 1 166957 2437 327 4905 281451 1082 19300 165987 120918 295 680 46807 4847 62195 78029 432 116 124021 42232 13429 83624 176 1641 210 20560 531 1 1 1 1 94 1 1 1 1 1 1 1 1 1 1 1 1 1 1 1
368 2 552474 158 1904 1 1 1 5 3839 22 2866 5 7 25219 8191 18088 258 6 40 18 13 10 7 14 4 5 1 940 840 1 6 6 60 2 34 37 81 698 31 16 21 11 34 19 23 22 66 25 20 36 4 20 48 19 8 7 37 4 5 2 10 3 107 1 14 3 552488 4802 1434 5086 2306163 1246 334 731 562436 163 1196 13567 11522 28618 315400 1292 476 73650 12716 85860 48859 1004 7641 3 28861 81 1 3 1 1 175 1 1 1 1 1 1 1 1 1 1 1 1 1 1 1
266 3 66797 65 840 1 2 2 2 3770 47 2733 6 12 11971 8384 7527 158 2 16 23 23 10 11 8 7 8 7 269 250 2 10 1 16 2 39 104 165 76 31 117 156 62 9 9 17 77 120 84 215 408 30 107 107 305 11 38 31 13 6 16 5 3 101 1 12 6 302662 65946 557753 216595 326202 103641 207320 2860 3219 4741 37101 386961 221680 2037004 601070 85930 8243 283963 841269 796979 17192 231528 1783 20708 3803 50857 1 4 2 4 68 1 1 1 1 1 1 1 1 1 1 1 1 3 1 1
4 1 1412 1 26 1 3 1 1 82 6 70 1 1 238 45 214 11 1 2 3 1 1 1 1 3 2 1 6 5 1 1 2 1 1 1 3 2 2 2 1 3 2 1 1 2 1 3 2 3 2 7 1 2 3 1 1 1 1 1 1 2 1 24 1 1 1 13158 48 82 192 23429 12 41 108 6006 213 394 134 245 305 36192 234 3 179 219 95 25328 89 50 2 96 24 1 1 1 1 5 1 1 1 1 1 1 1 1 1 1 1 1 1 1 1
223 1 150735 100 1683 1 1 1 4 3213 22 1273 4 7 17092 2901 12614 217 3 29 32 28 10 6 6 5 3 6 640 409 2 17 3 45 2 20 66 31 194 14 16 10 127 20 27 10 9 23 47 13 56 2 13 56 91 7 67 669 3 2 2 19 1 48 1 10 1 26411 1331 269 1017 157942 1402 2369 6864 80914 206 2111 12374 5339 28232 13188 1240 5 4529 47355 2244 6688 378 2014 48 9247 44 1 2 1 3 63 1 1 1 1 1 1 2 1 1 1 1 1 1 1 1
802 2 596545 93 3458 3 2 3 2 6898 64 3176 4 24 37039 14841 28883 465 5 27 11 10 11 6 9 4 3 4 1097 940 1 17 2 77 1 32 42 59 21 17 21 22 21 14 14 8 25 146 28 16 37 6 25 76 30 14 13 18 4 2 2 17 1 118 1 19 1 473140 26436 8481 169836 660395 30622 8526 3219 483629 842 15180 461343 40924 4151 288095 17473 130 6753 142308 95851 110427 25806 7524 48 292313 1113 1 2 1 2 149 1 1 1 1 1 1 1 1 1 1 1 1 1 2 1
410 3 307438 113 1970 1 2 4 1 4964 83 4934 4 6 26534 1957 26147 1408 3 24 30 25 15 2 3 10 4 4 625 885 1 14 4 74 2 51 35 55 15 20 13 23 21 11 6 6 48 21 15 6 32 2 118 44 37 3 19 71 1 1 6 10 1 123 2 12 2 397686 116534 648 602 582534 1725 490 723 234356 140 403 2629 90235 5979 221094 180710 45 1173 61089 900 68438 229 848 13 26917 173 1 3 2 1 126 1 1 1 1 1 1 1 1 1 1 1 2 3 1 1
1349 11 1970527 248 7717 9 3 1 5 32439 124 10704 11 16 107440 21708 82397 746 9 48 38 79 12 9 16 3 13 8 3432 2723 1 32 3 220 6 76 68 127 83 44 48 71 72 43 21 27 99 85 34 53 70 8 62 134 79 51 38 96 8 6 11 21 2 315 1 26 6 344856 8076 311249 1092206 532463 44118 827322 10978 330569 11101 41072 40153 24846 99305 237079 4043 2863 10422 378208 760080 75635 39284 6733 1143 69467 7917 2 4 2 7 351 1 1 1 1 1 1 1 1 1 1 1 2 7 1 16
343 6 782507 251 1783 1 3 3 1 4614 34 1912 7 7 19633 16715 15219 225 1 37 26 18 10 8 2 10 2 6 869 480 2 7 1 92 2 102 134 192 128 43 58 88 42 56 38 26 104 120 63 13 100 27 75 230 105 26 57 75 9 8 18 10 1 103 1 20 5 65711 65698 134254 137066 25751 777903 79103 23223 71269 10006 54085 317252 442164 1393393 158686 177273 1073 1053588 218560 278905 526673 171148 229798 15031 34598 4614 1 5 3 3 89 1 1 1 1 1 2 1 1 1 1 1 3 1 1 2
111 3 102028 97 1134 1 1 1 4 1726 30 837 3 12 9334 2336 10278 142 6 52 55 40 13 34 10 12 5 11 511 261 5 12 4 35 1 28 15 30 18 13 18 32 160 20 3 19 12 57 8 14 10 5 17 47 40 6 24 10 5 1 4 5 2 25 1 13 2 222601 1376 898 1275 319220 782 1046 65386 111720 93 847 185652 10858 830 241149 102987 13 287245 40790 76730 79190 31 616 15 6903 316 1 1 3 1 115 1 1 1 1 1 1 1 1 1 1 1 2 2 1 1
6 1 1254 3 14 1 1 1 1 91 5 49 2 1 287 27 325 10 2 11 14 6 1 1 3 1 1 2 6 9 1 3 2 1 1 3 1 1 1 1 2 1 1 2 1 1 2 3 2 1 5 1 1 1 1 1 2 1 2 1 1 2 1 5 1 3 1 471 77 6 12 49 16 4 16 986 3 5 38 19 27 56 1 77 35 65 35 83108 83 9 3 12 4 1 1 1 1 160 1 1 1 1 1 1 1 1 1 1 1 1 1 1 1
907 7 1105148 155 5676 3 2 3 6 17137 133 5267 11 11 90151 16934 60775 862 7 55 36 17 14 5 4 3 7 5 1450 1836 7 14 8 148 1 49 65 290 102 53 37 50 39 31 17 21 95 66 33 26 122 17 57 232 98 10 27 50 7 4 4 19 7 234 2 29 4 597607 28210 110824 182409 1300803 30018 94303 8426 647956 1317 98740 90223 145498 166360 603553 29764 1605 110382 370220 327666 102867 61691 12314 622 199575 2527 2 2 1 1 433 1 1 1 1 1 1 1 2 1 1 1 2 4 1 1
2069 22 2322212 346 14316 7 4 2 6 15931 111 15472 7 14 213831 5751 192422 1259 4 51 37 29 25 10 6 6 5 15 7778 6758 1 23 3 332 6 63 39 98 44 17 36 24 25 32 14 16 73 39 66 20 42 2 64 27 34 27 11 34 21 2 5 35 6 725 1 25 7 120233 11375 114245 3638 634179 14114 2609 258661 441660 377 32342 44956 39680 8301 294255 124967 6803 5435 276900 834785 184305 1859 11280 5 32483 1380 2 7 6 1 428 1 1 1 1 1 1 3 1 1 1 1 3 3 1 2
880 6 1341574 371 6808 4 1 5 4 12037 141 6143 10 16 70495 17540 65380 745 8 59 48 35 16 7 5 12 3 4 1743 2034 4 18 6 276 6 89 78 124 88 116 58 70 45 19 31 23 72 57 59 38 66 10 91 137 77 19 14 66 19 5 7 46 6 380 1 46 4 418444 10845 32549 1967 1043663 5513 1937 2296950 950706 379 1342 80482 19313 10701 806377 2835 17 322678 251048 138660 186155 1033 71325 70 165482 7494 3 3 5 2 396 1 1 1 1 1 1 2 1 1 1 2 1 5 1 1
76 2 26576 72 678 1 1 1 3 1900 35 646 2 5 3882 1194 2195 70 6 14 7 5 1 10 2 4 3 4 79 80 1 1 1 63 2 11 49 25 16 9 5 31 11 3 7 8 6 49 19 8 104 1 27 41 701 1 25 10 5 8 3 4 1 18 1 6 3 118447 86896 135110 96352 128297 13694 105671 2575 78793 1821 9931 211772 119866 326939 6462 105829 603 396566 328851 269433 895 4078 1197 4129 4289 4043 1 2 1 3 165 1 1 1 1 1 1 2 1 1 1 1 2 1 1 1
36 4 6159 2 58 1 1 3 1 513 3 223 1 1 1238 147 1828 33 10 39 38 18 29 2 28 5 8 1 19 24 1 11 1 3 1 3 2 11 3 14 4 2 5 1 2 1 4 4 6 6 19 2 7 15 5 5 1 7 3 1 1 10 1 12 1 8 2 102155 25 189 211 598524 10 232 45 227286 31 249 574 16 450 53277 44 1 1484 1964 193 1679 127 9 5 6655 27 1 2 2 1 7 1 1 1 1 1 1 1 1 1 1 1 1 1 1 1
85 3 124965 76 860 1 1 1 1 1332 11 709 2 3 7995 2225 5925 131 2 6 4 3 1 3 1 4 2 2 276 206 1 3 3 54 1 8 5 16 14 3 4 6 9 4 2 7 8 10 10 10 10 1 8 10 7 2 5 4 4 4 1 9 1 51 1 3 1 392881 1408 1404 2585 225291 1111 173 205311 281680 35 1914 10014 1224 67909 163318 654 15 29220 31031 3125 444 24 841 14 2412 41 1 2 1 1 32 1 1 1 1 1 1 1 1 1 1 1 1 2 1 1
75 1 27752 12 341 2 1 1 1 553 13 424 8 9 3116 2198 2207 53 24 100 71 38 46 19 23 18 50 10 85 80 1 8 1 6 1 12 10 19 22 7 21 6 11 4 5 5 9 13 8 6 26 3 3 21 10 1 2 8 2 3 1 4 1 25 3 10 1 16549 190 11621 31 14771 1710 17 4189 23863 8 15 546 185 57 3006 35430 54 17 190 29768 3789 119 299 404 2065 5 3 2 4 1 28 1 1 1 1 1 1 1 1 1 1 1 1 4 1 1
930 5 957857 244 6706 3 2 1 2 13936 70 5206 4 24 81088 8792 62626 503 1 37 116 8 13 4 12 3 5 4 1729 2090 3 6 5 203 4 39 62 128 33 31 51 45 33 14 21 20 66 50 68 16 59 7 35 521 64 24 15 55 2 3 6 13 3 180 1 22 4 32106 4342 10955 8413 96652 1323 2226 872 24307 110 1260 21700 18694 16659 30232 18202 33 10187 57064 9945 2812 405 3687 254 691 1659 1 1 7 2 483 1 1 1 1 1 1 1 1 1 1 1 1 4 1 1
54 3 12240 9 167 1 1 1 1 607 3 380 3 2 2366 425 1334 57 1 8 3 1 3 1 1 1 2 1 28 48 1 3 2 3 1 13 6 10 2 4 20 50 10 3 3 7 2 8 2 6 11 2 11 10 10 2 1 24 2 1 1 3 2 20 1 3 1 23798 721 309 359 41703 67 331 2189 17899 27 595 1308 697 652 8575 178 103 387 419 493 2847 253 187 8 2263 5134 1 1 1 1 5 1 1 1 1 1 1 1 1 1 1 1 1 1 1 1
1 1 38 1 3 1 5 1 1 1 2 1 2 1 2 6 6 2 9 6 3 5 2 2 2 1 2 1 1 1 1 1 1 1 1 3 2 3 2 1 2 2 1 3 2 1 3 3 2 1 2 2 2 3 3 3 2 1 1 1 1 2 1 1 1 1 1 6 1 3 2 4 4 1 1 3 1 1 1 2 1 1 14 3 2 2 2 1 3 2 4 4 1 1 2 12 2 3 1 1 1 1 1 1 1 1 1 1 1 1 1 1 1
31 1 1411 1 1 1 1 1 1 2 1 4 1 1 4 9 3 2 2 3 3 1 1 2 1 1 2 3 1 1 1 2 1 1 1 5 3 6 3 2 1 5 4 2 2 3 2 5 2 2 5 1 2 3 5 1 3 3 1 1 1 1 1 1 1 4 1 8 4 16 4 1 6 3 1 23 1 1 12 1 2 3 2 2 1 10 10 2 1 1 2 2 1 1 26 3 1 4 1 1 1 1 1 1 1 1 1 1 1 1 1 1 1
57 1 62 1 7 1 3 1 1 1 3 8 2 1 16 2 20 3 1 2 3 1 1 1 2 1 1 1 1 8 1 2 1 1 1 1 1 1 1 1 1 1 1 1 1 1 1 1 1 1 1 1 1 1 2 1 1 2 1 1 2 1 1 2 1 1 1 1 1 1 1 4 1 1 1 1 1 1 1 1 1 1 2 1 2 1 2 1 1 1 1 2 1 3 2 1 2 4 1 1 1 1 1 1 1 1 1 1 1 1 1 1 1
6 1 84 1 8 1 8 1 1 1 1 9 1 2 4 1 7 1 3 46 17 14 13 10 11 6 4 4 1 1 1 1 1 1 1 3 4 3 1 3 2 3 3 2 2 4 3 2 2 1 4 3 3 2 3 2 1 2 1 3 2 1 1 1 1 2 1 1 4 2 2 6 1 1 2 1 3 1 1 1 1 1 2 1 1 2 1 1 2 1 1 1 1 1 1 1 27 1 1 1 1 1 1 1 1 1 1 1 1 1 1 1 1
1 1 264 25 9 2 1 35 4 6 221 14 1 26 6 75 386 12 67 1208 880 439 310 292 259 214 198 223 377 93 8 47 8 55 1 270 175 131 98 61 61 182 153 223 110 77 213 432 135 45 209 17 77 169 81 160 74 70 16 12 9 58 1 2 1 1 1 313 390 1625 106 29 1950 276 644 3030 6 4914 703 7797 172 163 510 3 123 329 288 15 44 53 12 173 5 2 2 3 3 41 1 1 2 1 1 25 1 1 1 3 1 1 1 1 667
1 1 1 1 1 1 1 1 1 1 1 1 1 1 1 1 1 1 1 1 1 2 1 1 1 1 1 1 1 1 1 1 1 1 1 5 2 2 2 1 4 2 3 1 1 1 3 4 2 1 1 4 1 3 2 2 3 1 1 2 1 1 1 1 1 1 1 1 1 1 1 1 1 2 1 1 1 1 1 1 1 1 1 1 1 1 1 1 1 1 1 1 1 1 1 1 1 1 1 1 1 1 1 1 1 1 1 1 1 1 1 1 1
1 1 7 1 2 1 1 1 1 1 1 1 1 1 7 1 5 1 1 1 1 1 1 1 1 1 1 1 1 3 1 1 1 1 1 1 1 1 1 1 1 1 1 1 1 1 1 1 1 1 1 1 1 1 1 1 1 1 1 1 1 1 1 1 1 1 1 1 1 1 1 1 1 1 1 1 1 1 1 1 1 1 1 1 1 1 1 1 1 1 1 1 1 1 1 1 1 1 1 1 1 1 1 1 1 1 1 1 1 1 1 1 1
1 1 4 1 1 1 1 1 1 1 1 1 1 1 2 1 1 1 8 712 357 222 161 230 97 104 83 40 1 1 1 1 1 1 1 1 1 1 1 1 1 1 1 1 1 1 1 1 1 1 1 1 1 1 1 1 1 1 1 1 1 1 1 1 1 1 1 1 1 1 1 1 1 1 1 1 1 1 1 1 1 1 1 1 1 1 1 1 1 1 1 1 1 1 1 1 1 1 1 1 1 1 1 1 1 1 1 1 1 1 1 1 1
1 1 3 1 1 1 1 1 1 1 1 1 1 1 1 1 1 1 3 26 21 15 8 13 4 4 6 2 1 1 1 1 1 1 1 1 1 1 1 1 1 1 1 1 1 1 1 1 1 1 1 1 1 1 1 1 1 1 1 1 1 1 1 1 1 1 1 1 1 1 1 1 1 1 1 1 1 1 1 1 1 1 1 1 1 1 1 1 1 1 1 1 1 1 1 1 1 3 1 1 1 1 1 1 1 1 1 1 1 1 1 1 1
1 1 7 1 1 1 1 1 1 1 1 1 1 1 1 1 1 1 1 1 1 1 1 1 1 1 1 1 1 1 1 1 1 1 1 1 1 1 1 1 1 1 1 1 1 1 1 1 1 1 1 1 1 1 1 1 1 1 1 1 1 1 1 1 1 1 1 1 1 1 1 1 1 1 1 1 1 1 1 1 1 1 1 1 1 1 1 1 1 1 1 1 1 1 1 1 1 1 1 1 1 1 1 1 1 1 1 1 1 1 1 1 1
3 1 69 1 1 1 1 1 1 1 1 1 1 1 1 1 1 1 1 12 11 5 7 4 4 4 2 2 1 1 1 1 1 1 1 1 1 1 1 1 1 1 1 2 1 1 1 1 1 1 1 1 1 1 1 1 1 1 1 1 1 1 1 1 1 1 1 1 1 1 1 1 1 1 1 1 1 1 1 1 1 1 1 1 1 1 1 1 1 1 1 1 1 1 1 1 1 46 1 1 1 1 1 8 1 1 1 1 1 1 1 1 1
1 1 5 1 2 1 1 1 1 1 1 1 1 1 1 1 2 1 1 1 1 1 1 1 1 1 1 1 1 1 1 1 1 1 1 1 1 1 1 2 1 1 1 1 1 1 3 1 1 1 1 1 1 1 1 1 1 1 1 1 1 1 1 1 1 1 1 1 1 1 1 1 1 1 1 1 1 1 1 1 1 1 1 1 1 2 1 1 1 1 1 1 1 1 1 1 1 1 1 1 1 1 1 1 1 1 1 1 1 1 1 1 1
1 1 15 1 1 1 1 1 1 1 1 2 1 1 1 1 1 1 1 1 2 1 1 1 1 1 1 1 1 1 1 1 1 1 1 1 1 1 1 1 1 1 1 1 1 1 1 2 1 1 1 1 1 1 1 1 1 1 1 1 1 1 1 1 1 1 1 1 1 1 1 1 1 1 1 1 1 1 1 1 1 1 1 1 1 1 1 1 1 1 1 1 1 1 1 1 1 1 1 1 1 1 1 1 1 1 1 1 1 1 1 1 1
2 1 4 1 1 1 1 1 1 1 1 1 1 1 1 1 1 1 1 1 1 1 1 1 1 1 1 1 1 1 1 1 1 1 1 1 1 1 1 1 1 1 1 1 1 1 1 1 1 1 1 1 1 1 1 1 1 1 1 1 1 1 1 1 1 1 1 1 1 1 1 1 1 1 1 1 1 1 1 1 1 1 1 1 1 1 1 1 1 1 1 1 1 1 1 1 1 1 1 1 1 1 1 1 1 1 1 1 1 1 1 1 1
1 1 1 1 1 1 1 1 1 1 1 1 1 1 1 1 1 1 1 1 1 1 1 1 1 1 1 1 1 1 1 1 1 1 1 8 5 11 4 2 6 7 3 7 1 2 2 5 3 1 6 1 1 6 13 3 2 4 1 1 1 1 1 1 1 1 1 3 2 1 2 1 4 2 1 1 1 1 1 1 1 6 3 1 1 3 5 1 1 2 1 2 1 1 1 1 1 24 1 1 1 1 1 1 1 1 1 1 1 1 1 1 1
1 1 1 1 1 1 1 1 1 1 1 1 1 1 2 1 1 1 1 2 1 1 1 1 1 1 2 1 1 1 1 1 1 1 1 1 1 1 1 1 1 1 1 1 1 1 1 1 1 1 2 1 1 1 1 1 1 1 1 1 1 1 1 1 1 1 1 1 1 1 1 1 1 1 1 1 1 1 1 1 1 1 1 1 1 1 2 1 1 1 1 1 1 1 1 1 1 1 1 1 1 1 1 1 1 1 1 1 1 1 1 1 1
1 1 1 1 1 1 1 1 1 1 1 1 1 1 1 1 1 1 1 1 1 1 1 1 1 1 1 1 1 1 1 1 1 1 1 1 1 1 1 1 1 1 1 1 1 1 1 1 1 1 1 1 1 1 1 1 1 1 1 1 1 1 1 1 1 1 1 1 1 3 2 1 1 3 1 1 1 1 1 2 1 2 1 1 1 4 2 1 1 1 1 1 1 1 1 1 1 1 1 1 1 1 1 1 1 1 1 1 1 1 1 1 1
2 1 42 1 1 1 1 1 1 1 1 3 1 1 8 1 5 1 1 1 1 1 1 1 1 1 1 1 2 1 1 1 1 1 1 1 1 1 1 1 1 2 1 1 1 1 1 1 1 1 1 1 1 1 1 1 1 1 1 1 1 1 1 1 1 1 1 1 1 1 1 1 1 1 1 1 1 1 1 1 1 1 1 1 1 1 1 1 1 1 1 1 1 1 1 1 1 1 1 1 1 1 1 1 1 1 1 1 1 1 1 1 1
1 1 2 1 1 1 1 1 1 1 1 1 1 1 1 1 1 1 1 1 1 1 1 1 1 1 1 1 1 1 1 1 1 1 1 1 1 1 1 1 1 1 1 1 1 1 1 1 1 1 1 1 1 1 1 1 1 1 1 1 1 1 1 1 1 1 1 1 1 1 1 1 1 1 1 1 1 1 1 1 1 1 1 1 1 1 1 1 1 1 1 1 1 1 1 1 1 1 1 1 1 1 1 1 1 1 1 1 1 1 1 1 1
2 1 300 1 1 1 1 1 1 1 2 18 1 1 33 3 58 2 47 48 49 56 45 45 5 4 1 2 1 2 1 2 1 1 1 2 3 495 1 42 260 1 1 1 1 1 1 1 60 1 1 1 1 26 1 1 1 38 1 1 1 1 1 1 1 1 1 1 1 1 1 1 2 1 1 1 1 1 1 1 1 1 1 1 1 2 1 1 1 1 1 1 1 1 1 1 1 11 1 1 1 1 1 1 1 1 1 1 1 1 1 1 3
